15
17
18
19
20
21
23
24
25
27
30
31
35
38
58
59
65
95
108
110
116
122
131
133
141
145
152
159
160
161
162
163
164
165
166
167
168
169
172
174
175
176
177
178
179
180
181
182
185
186
187
193
196
197
199
202
207
208
209
210
211
212
213
215
218
220
221
222
224
226
227
228
229
230
231
232
233
234
237
238
239
240
241
243
244
245
246
247
248
251
252
255
259
261
263
265
270
276
277
279
280
287
288
290
299
302
303
305
306
307
308
309
310
311
313
314
315
316
317
318
319
320
321
323
324
325
327
329
331
332
343
345
347
348
349
350
351
352
353
354
356
359
360
361
363
365
366
367
368
369
370
371
372
378
379
380
381
384
385
387
389
390
392
393
394
395
396
398
399
400
401
402
403
404
405
406
407
408
409
410
411
412
413
414
415
416
428
429
430
431
433
434
435
436
437
438
439
441
444
467
481
482
483
484
486
488
490
492
493
494
495
496
497
499
501
503
504
505
508
511
512
513
514
515
516
517
518
519
520
529
533
534
535
536
537
558
560
562
563
564
574
576
577
578
579
580
581
582
585
586
587
588
589
590
591
592
593
594
595
596
597
598
599
601
602
603
609
610
611
612
614
615
617
623
624
625
629
630